epoch: 4
train_acc: 0.74084
train_loss: 0.5286318997383118
val_acc: 0.768815
val_auc: 0.8508957756
val_f1: 0.7613955960594692
val_loss: 0.49972728122591975
