epoch: 8
train_acc: 0.775545
train_loss: 0.4752141554450989
val_acc: 0.79827
val_auc: 0.86774222945
val_f1: 0.8082450903975209
val_loss: 0.4497723141992092
