epoch: 1
train_acc: 0.71765
train_loss: 0.5470344209623337
val_acc: 0.6904615229246617
val_auc: 0.6569641117296698
val_f1: 0.14234347674011893
val_loss: 0.7766020207663302
